9            
30
0.25
0.75
1.25
1.75
2.25
2.75
3.25
3.75
4.25
4.75
5.25
5.75
6.25
6.75
7.25
7.75
8.25
8.75
9.25
9.75
10.25
10.75
11.25
11.75
12.25
12.75
13.25
13.75
14.25
14.75
20
2.8
3.9
5
6.1
7.2
8.3
9.4
10.6
11.7
12.8
13.9
15
16.1
17.2
18.3
19.4
20.6
21.7
22.8
23.9
0.2	0.7	1.4	2.3	3.5	4.6	5.8	6.7	7.7	9.1	9.9	11.2	12.2	13.2	13.7	14.8	15.5	16	16	16.4
2	5.7	11.7	19.3	28.2	36.1	42.7	48.3	55.1	61.1	64.7	71.9	72.9	74.4	78.3	76.6	79	77.4	78	77.3
5.6	15.8	31.7	49.8	71.1	89.2	106.3	118.7	130	140.4	148.4	150.2	152.9	153.5	151.9	152.2	151.3	147.8	143.7	137.2
10.7	30	60.3	96.6	132	167.3	186.6	212	225.9	236.8	243.9	242.9	243.5	241	236.5	225	223.7	215.4	212	203.9
17.5	48.1	97.6	155.8	207.9	254.9	295.9	316.4	331.5	333.3	340.2	337.8	336.2	329.8	327.9	310.4	296.1	291.2	287.8	271.2
0	72.9	142.9	223.9	298.6	359.9	398.4	400	400	400	400	400	400	400	400	394.3	383.6	373	347.5	336.1
0	98.2	195.7	306.2	400	400	400	400	400	400	400	400	400	400	400	400	400	400	400	400
0	0	254.4	389.9	400	400	400	400	400	400	400	400	400	400	400	400	400	400	400	400
0	0	350.1	400	400	400	400	400	400	400	400	400	400	400	400	400	400	400	400	360
0	0	0	400	400	400	400	400	400	400	400	400	400	400	400	400	400	400	400	240
0	0	0	400	400	400	400	400	400	400	400	400	400	400	400	400	400	400	400	200
0	0	0	400	400	400	400	400	400	400	400	400	400	400	400	400	400	400	360	160
0	0	0	0	400	400	400	400	400	400	400	400	400	400	400	400	400	400	240	120
0	0	0	0	400	400	400	400	400	400	400	400	400	400	400	400	400	400	200	80
0	0	0	0	400	400	400	400	400	400	400	400	400	400	400	400	400	400	160	40
0	0	0	0	360	360	360	360	360	360	360	360	360	360	360	360	360	360	120	0
0	0	0	0	240	240	240	240	240	240	240	240	240	240	240	240	240	240	80	0
0	0	0	0	200	200	200	200	200	200	200	200	200	200	200	200	200	200	40	0
0	0	0	0	160	160	160	160	160	160	160	160	160	160	160	160	160	160	0	0
0	0	0	0	120	120	120	120	120	120	120	120	120	120	120	120	120	120	0	0
0	0	0	0	80	80	80	80	80	80	80	80	80	80	80	80	80	80	0	0
0	0	0	0	40	40	40	40	40	40	40	40	40	40	40	40	40	40	0	0
0	0	0	0	0	0	0	0	0	0	0	0	0	0	0	0	0	0	0	0
0	0	0	0	0	0	0	0	0	0	0	0	0	0	0	0	0	0	0	0
0	0	0	0	0	0	0	0	0	0	0	0	0	0	0	0	0	0	0	0
0	0	0	0	0	0	0	0	0	0	0	0	0	0	0	0	0	0	0	0
0	0	0	0	0	0	0	0	0	0	0	0	0	0	0	0	0	0	0	0
0	0	0	0	0	0	0	0	0	0	0	0	0	0	0	0	0	0	0	0
0	0	0	0	0	0	0	0	0	0	0	0	0	0	0	0	0	0	0	0
0	0	0	0	0	0	0	0	0	0	0	0	0	0	0	0	0	0	0	0
